imgsz: 768
optimizer: SGD
lr0: 0.0001614596240725037
momentum: 0.9098500376932075
weight_decay: 0.00042786651935909105
warmup_epochs: 1
warmup_momentum: 0.5149307497845836
warmup_bias_lr: 0.018938388657529233
mosaic: 0.8205379408033115
mixup: 0.023789168654792303
