imgsz: 768
optimizer: Adam
lr0: 0.00012192021890239396
momentum: 0.8888996841929279
weight_decay: 3.4214299147447924e-05
warmup_epochs: 2
warmup_momentum: 0.7753369681596541
warmup_bias_lr: 0.07369622770237041
mosaic: 0.7510576170263057
mixup: 0.06813130521919572
